12939
15874
14579
7855
14305
18066
10267
2013
18387
8143
19317
16113
13315
2497
8385
9202
7877
10400
3059
188
19853
8478
2676
8596
7107
13236
13990
13349
16403
2312
485
5692
737
5944
11657
19324
1722
15622
1128
1439
16678
4511
376
9354
9050
3529
1010
13420
12810
11689
7698
7987
7835
13615
8955
7371
437
16670
3832
16051
7896
8220
7932
5533
17702
6898
8619
2946
2590
19936
6738
6656
12105
609
19281
19570
9453
6454
7769
13450
15775
17233
13199
4717
5429
11392
18032
10699
12954
1908
656
11161
11930
2478
7771
7373
1629
12037
5052
11286
6865
6550
2875
15509
19551
10728
4705
2395
7072
378
14456
13633
15465
3148
13966
16030
12161
263
8376
9065
5651
13770
12498
18699
6014
4722
10404
18719
5706
16740
7105
12105
3190
4954
9321
8625
9997
16969
3118
4987
19734
17419
12308
17252
810
18573
3154
14330
19777
2199
4405
760
1797
18579
9859
13981
7080
5980
4156
8008
14194
18916
2973
17266
14514
15810
10239
11048
1237
5015
9948
18212
7253
6363
8337
17351
9
15593
15455
597
17146
6404
3980
8972
3061
7172
7239
8802
6268
19296
19560
10459
5656
12153
15733
292
2313
3841
13281
303
9597
13415
16942
7755
19615
15776
9844
9503
4231
8180
3546
2275
7632
10562
13505
14458
17798
7728
6497
9488
18814
16243
362
14093
10848
7607
2508
4435
7039
13771
14386
19065
10121
12781
19689
1924
9561
6478
2911
19167
7978
9153
4487
17975
6182
5093
12601
86
6717
4844
9269
17402
1937
7239
19560
7600
9102
16017
5319
10482
8375
7477
19544
16155
1403
124
14033
14723
16647
8055
10488
16412
4117
12389
3305
7
5378
15073
8278
3667
15165
3020
16616
17139
11482
466
4036
11899
4775
7516
15689
5879
6870
6065
17782
8488
6201
5129
3465
220
10156
11920
11745
14408
6380
9524
10309
9381
6470
15979
445
6309
1034
1795
14078
10832
1149
4711
15044
10015
18542
2379
10935
884
1856
7637
3696
2164
16678
18728
19189
3939
19982
6638
2784
18810
3028
11905
990
2983
15863
19926
7859
12705
11048
15302
9498
14725
5886
19738
13642
7954
7943
12403
4085
9695
16281
15380
2282
1940
6247
13612
5626
139
19055
13444
7799
1028
14320
8801
11416
7807
15640
6550
10810
5050
7259
14409
18017
3623
16929
3424
13052
1064
13590
13224
5606
4010
1349
1474
3176
10651
13470
8938
11291
13418
17268
9446
13356
2266
8324
12743
14457
3842
8591
11679
12504
12676
1928
9631
8886
8552
13833
6411
1244
9620
5568
5373
2414
17098
15367
3091
19086
18782
19729
10486
14301
4306
16128
18312
9473
3344
660
8297
15138
19300
13758
11589
9871
18836
6258
2045
4990
5948
11675
8945
8688
18154
8200
9927
4914
2067
16996
3259
9984
9648
13540
18788
420
8249
441
19582
15708
19868
7045
4440
12250
5561
5418
17756
19429
3197
1982
4151
2300
9113
5371
8869
923
9279
3251
5722
7798
13337
5408
3823
9602
1765
10393
19879
6675
4241
16001
7228
8512
12111
7066
15787
19075
17045
