958
415
326
999
929
565
38
293
814
789
588
921
612
168
867
986
970
697
635
98
817
959
819
802
601
354
327
545
239
817
748
593
675
326
896
463
343
159
416
197
604
626
977
133
295
740
415
724
409
846
372
784
980
628
792
200
456
899
87
583
670
799
432
212
180
590
193
216
863
268
112
477
439
852
916
520
308
520
843
595
278
942
525
530
690
191
197
543
512
924
543
28
489
375
84
141
543
203
747
63
740
698
707
529
372
81
883
221
423
801
946
387
238
445
594
555
863
67
774
52
644
841
557
902
125
134
919
25
782
10
796
423
291
282
700
549
959
348
521
33
916
875
200
448
661
855
911
935
408
829
664
932
863
711
635
801
421
631
987
67
813
597
774
653
350
763
336
164
580
241
145
999
912
497
610
614
967
673
96
187
199
929
935
41
942
432
247
983
173
416
524
105
394
954
191
708
763
15
954
524
638
324
785
684
510
680
132
408
111
398
521
234
243
362
678
568
237
442
820
815
826
530
319
734
199
908
306
161
782
58
103
847
522
905
780
595
634
188
665
28
587
506
774
921
5
877
834
21
55
128
214
42
575
860
727
206
905
695
18
79
441
465
530
659
612
508
398
120
776
544
30
597
813
297
427
19
107
582
806
404
946
454
640
430
392
968
65
140
460
295
85
554
258
80
472
130
288
42
642
320
589
801
454
38
265
127
452
77
720
336
935
289
696
968
0
343
217
891
1
245
948
320
430
334
604
83
637
754
689
446
854
342
892
171
694
148
125
217
998
2
728
544
632
439
902
762
17
512
663
480
914
502
349
783
544
161
291
125
372
125
829
556
501
527
474
529
721
116
659
25
347
542
839
434
966
204
319
1
439
925
589
941
960
817
594
118
577
556
892
699
586
0
342
264
339
949
249
208
44
888
945
781
112
558
626
89
444
811
289
935
742
787
783
675
456
331
112
627
804
325
618
745
850
927
353
446
76
191
975
476
482
101
857
352
89
837
52
506
471
967
198
306
602
597
626
273
558
952
723
633
661
151
641
618
904
278
681
282
924
303
855
8
96
799
159
326
51
647
874
568
426
69
19
525
407
119
744
97
485
188
966
300
880
551
158
819
697
784
756
177
471
1
222
641
458
714
105
843
312
481
