118 73 337
244 247 19
340 78 160
254 71 188
318 74 355
137 233 118
63 152 189
132 60 246
244 143 310
37 1 282
350 77 232
262 124 17
266 335 306
132 124 52
60 318 318
9 68 71
65 26 281
30 82 207
32 254 227
167 155 54
57 34 269
323 264 191
280 333 66
110 149 35
206 235 210
171 357 127
130 106 153
261 151 52
326 174 218
289 130 338
107 61 73
276 260 58
352 240 127
203 291 299
184 191 171
87 78 144
223 178 211
56 219 330
274 160 126
319 128 228
5 124 99
133 349 340
111 204 270
149 271 88
194 132 257
333 133 61
346 105 303
188 97 220
356 237 320
147 245 60
316 113 248
106 325 187
162 214 153
350 292 339
12 48 43
11 186 207
41 88 124
2 18 162
233 338 305
19 196 260
32 243 355
46 167 344
248 3 163
325 160 93
80 358 128
262 329 29
32 11 28
13 24 102
11 217 358
238 28 183
2 309 275
262 313 78
61 169 293
40 141 287
126 156 300
160 105 319
217 111 310
260 184 111
40 129 95
11 182 68
299 317 222
163 25 178
305 125 72
81 242 183
276 254 8
7 54 8
42 6 118
3 202 126
235 122 26
265 57 325
107 321 337
98 341 145
214 131 57
15 203 237
162 92 75
16 33 90
328 247 0
97 341 6
334 77 327
283 257 136
158 43 162
223 265 82
186 156 79
45 315 40
178 320 57
58 86 159
151 89 40
11 69 266
193 4 15
38 258 221
226 170 65
272 271 308
9 63 314
120 296 124
36 133 153
118 83 22
282 241 332
240 145 72
215 93 255
129 145 139
70 213 223
349 199 42
270 307 300
79 135 48
236 172 303
0 348 20
21 44 195
144 325 268
350 113 122
23 322 145
88 2 65
150 230 99
315 132 178
240 205 254
151 25 63
201 34 231
88 157 34
119 276 161
358 135 253
106 328 292
31 103 15
6 101 148
98 304 186
233 48 136
218 183 21
343 7 262
39 269 335
214 167 292
274 48 322
327 97 143
135 120 194
257 299 355
8 332 176
186 215 183
316 261 262
14 150 37
325 137 155
54 270 66
262 167 328
65 31 55
166 358 82
246 182 137
152 277 285
249 43 115
199 280 10
85 181 192
13 160 111
300 26 262
81 189 77
251 291 352
167 195 111
24 173 283
79 285 106
80 135 120
231 335 278
201 118 98
2 224 174
228 41 277
80 162 268
300 152 61
166 152 71
240 258 219
101 354 202
287 236 137
12 12 280
276 343 15
75 154 163
227 197 124
183 22 288
220 140 3
129 209 326
207 298 80
34 210 333
104 291 116
99 298 47
234 243 132
350 12 38
272 99 100
222 349 59
156 231 266
283 4 350
98 62 87
94 1 315
50 161 89
285 8 324
281 164 69
219 171 17
357 203 128
54 175 134
115 276 35
33 87 6
277 274 325
315 54 221
358 217 166
238 97 108
16 48 329
199 89 156
198 9 174
254 295 208
265 105 209
276 351 226
191 273 74
1 294 312
126 228 315
216 10 119
291 158 133
318 38 179
139 275 233
52 42 234
327 37 125
193 188 55
356 181 62
145 230 136
56 290 228
215 76 84
3 88 4
4 206 208
164 150 46
314 224 302
159 180 126
33 232 196
80 170 214
176 48 352
29 354 64
181 13 122
141 265 141
125 223 12
198 92 200
107 94 311
46 354 232
72 359 288
5 165 64
88 153 189
58 28 308
67 1 292
147 24 250
179 306 171
233 194 241
228 116 142
136 350 104
269 208 218
110 46 24
304 217 270
16 209 54
279 222 24
208 219 91
238 136 118
104 181 190
25 202 20
238 59 288
65 289 66
69 54 95
295 334 98
214 64 225
303 114 95
127 75 209
55 89 272
42 254 235
351 337 22
87 82 297
254 216 86
343 62 33
103 254 280
290 285 253
209 38 165
73 230 28
210 8 196
112 234 347
24 54 333
327 245 210
16 273 211
318 88 211
292 145 10
80 291 337
160 103 230
349 45 95
194 121 201
160 93 190
8 113 302
269 316 92
72 72 203
330 14 254
220 148 233
17 275 287
309 262 156
291 98 200
52 321 333
121 74 142
294 262 165
312 277 285
351 43 278
222 47 281
195 195 53
332 161 285
318 153 90
301 71 59
57 44 94
273 213 0
355 93 5
131 110 58
121 297 211
25 153 62
296 24 223
25 327 136
207 345 270
1 143 67
28 36 265
245 246 101
237 162 247
266 243 178
7 237 239
134 10 114
349 301 81
253 12 117
222 3 151
217 24 283
286 35 159
146 83 199
241 215 232
212 67 281
294 40 179
147 57 238
122 273 31
207 191 51
279 10 327
131 78 337
256 299 268
90 76 312
358 134 236
37 228 266
122 14 34
47 232 338
268 112 294
3 99 303
134 286 284
109 308 281
72 253 250
230 326 59
64 91 251
126 208 306
116 110 264
316 75 276
160 133 37
78 35 244
260 83 226
34 128 201
204 284 0
32 338 158
270 314 134
166 225 106
148 282 20
39 113 208
171 19 160
288 166 252
308 279 246
150 327 139
357 146 288
62 10 144
115 9 281
356 139 254
297 144 83
82 87 190
202 13 337
160 348 87
141 238 125
137 46 75
256 61 320
341 94 124
11 311 18
210 92 261
233 55 210
346 96 268
163 81 301
72 39 159
15 55 12
17 50 230
168 128 354
341 230 165
17 169 303
34 27 181
1 87 214
132 62 94
296 278 203
348 57 125
177 4 175
10 249 345
135 81 351
191 97 230
65 343 197
282 81 350
146 278 238
168 262 114
225 310 71
323 331 41
343 311 36
314 6 342
214 185 17
215 344 125
353 268 318
150 135 227
286 309 243
297 245 340
67 157 272
79 304 279
71 231 181
123 155 319
161 222 1
101 227 172
102 247 173
59 162 126
105 343 233
148 201 123
300 254 163
169 31 253
24 302 283
47 358 253
195 333 107
174 356 169
138 67 334
79 50 135
239 204 306
163 311 159
257 78 22
306 329 9
297 124 44
228 83 263
238 80 208
338 90 186
181 194 81
137 75 10
172 156 259
203 275 275
59 177 175
152 270 101
169 329 146
112 6 318
115 219 209
297 37 0
160 255 111
124 228 41
210 291 55
119 200 216
242 282 18
200 262 212
234 354 216
327 47 109
290 190 39
254 12 188
319 164 282
327 45 130
351 240 46
64 39 235
212 142 154
325 95 175
164 94 117
301 113 117
36 271 254
338 235 180
234 180 233
58 204 336
149 184 254
282 164 356
119 355 314
354 111 288
135 257 139
123 283 43
72 160 84
106 276 85
139 50 128
310 87 206
41 149 26
178 86 339
272 219 4
117 181 142
285 22 294
164 96 341
103 240 162
179 60 121
89 203 108
179 88 254
