2848
380
2209
1945
1867
4890
2357
4222
472
1284
1442
3753
4408
4163
2920
4620
1120
2808
3988
175
3675
3175
4627
3627
1718
248
827
1702
192
3776
2597
709
1619
3524
1226
3648
3915
1093
1521
3238
4674
4031
2707
921
1814
643
2891
3757
1224
2757
2349
1578
4034
1752
1610
3570
3020
3372
3773
420
3074
3202
813
1365
158
3030
4048
4480
2141
2131
1832
4533
3889
3965
700
4845
4299
3960
3414
94
4218
134
4084
4449
292
4477
3614
3881
1040
1830
3803
2766
1286
4234
2239
1407
3340
1231
2981
3551
3646
424
3469
4526
4944
3587
179
2928
2683
4212
3524
3890
1282
1591
4765
1496
2559
4835
2153
4540
215
161
3239
1210
3031
4956
1846
174
1722
2162
2982
2159
3240
857
4669
3581
4860
3925
634
2749
1578
949
457
1965
3995
4277
188
2603
3622
3790
4986
1208
501
4642
934
3770
625
4060
3087
183
723
1484
1927
1685
2585
1568
1771
4582
1481
230
3438
3593
2100
3661
378
1660
1178
2148
2412
4397
4118
3946
2563
3496
2885
741
4228
3066
2409
3318
3261
677
924
865
1460
3404
2723
3290
179
286
3442
2595
2251
1303
798
58
2554
2674
4106
1175
1755
4011
4841
4516
368
96
2980
997
86
4736
969
1982
2172
3748
1145
4596
3889
3538
4804
531
482
3696
1836
2495
3517
2069
1618
2863
3958
2795
4480
1475
3443
4929
4380
4582
1917
4733
1686
2038
4526
3799
4783
1976
2785
128
1158
3505
1290
2113
3255
2656
2779
4920
2690
1551
1576
2645
2334
2095
297
1099
360
3459
2113
2563
652
3933
3583
2210
4878
2837
3400
2026
4278
424
4503
3366
3534
2453
787
4358
3905
2755
2931
2811
4257
4326
4808
1804
229
4528
1783
4503
3245
1188
1786
436
4644
2598
898
1507
2873
2510
242
1094
3738
3379
3579
1505
662
3236
2040
373
500
1009
1197
1324
525
1177
2745
1462
3723
1861
1149
2730
3789
4873
4624
1633
3472
3891
1272
1805
1619
428
2215
1735
3855
4179
200
2149
2657
665
4428
3273
358
3823
3614
663
74
547
4623
3495
4204
2834
4102
2040
1
3695
4232
4502
3348
3465
4143
2314
4199
2099
2603
2728
2417
3141
410
3142
2740
3648
1165
2504
3689
1759
352
4496
1563
777
3493
2586
1372
4466
1623
2910
4912
65
3270
2679
4692
4573
2939
984
3530
1952
4769
3598
1589
1214
246
1633
4859
4318
3917
4140
4891
2719
58
68
3212
2838
1777
3949
1624
3307
2403
2823
2660
3796
4662
3424
2973
4737
3527
1603
4960
535
4287
2686
1973
1440
3631
4289
3777
1343
2473
4194
751
673
1445
1806
2563
4879
77
1130
2243
680
4830
1535
2690
4884
643
2572
1689
123
1911
4645
468
2675
2127
2977
4623
1688
3154
1306
2411
3174
46
2430
3601
1123
192
4994
1578
1624
4734
861
392
1053
1949
226
4677
1732
4715
4280
