3585
4372
2655
3678
1685
4226
1007
2649
1600
4557
43
2535
571
1280
4168
2934
2468
2909
783
1882
406
1326
2804
3591
2631
2477
2736
3350
3235
681
2986
2226
2325
2373
3212
414
2014
3094
2913
2237
3766
3153
677
2365
655
3367
1933
2120
2890
7
2110
2873
4401
2366
4713
3720
3491
877
763
2370
3982
4326
2995
2160
462
4604
4021
3513
3131
783
4444
4191
3154
3865
4660
1763
4658
2880
3148
3510
4902
1200
4474
1414
1874
3213
3857
2009
1999
2977
3030
4593
1185
2232
1817
4027
4671
1550
3726
1253
4642
4584
2226
1140
2166
4296
4547
3543
391
1127
321
468
669
1614
2920
3221
2975
901
1175
4351
406
4079
4003
2558
1552
2888
4149
1096
1357
3725
4890
2373
662
2222
4185
3311
3769
4266
3671
1276
2201
2695
1278
4693
4715
1731
1900
3251
3787
1445
1592
965
564
4130
1487
200
1191
2476
3253
1051
123
2005
4239
21
1595
4340
2180
2806
2549
4322
2028
2783
1694
1412
425
4430
123
709
2842
3426
3346
4591
2687
1952
2271
2453
4606
4760
1402
1456
428
3647
2622
260
2879
1081
3733
2999
408
538
3910
1541
3702
2098
4305
1483
3381
1683
81
3310
4934
3016
1560
4151
4504
1020
1056
2029
180
4331
4197
2935
2566
4769
1841
3997
3359
1637
4599
2465
3015
4850
3753
1864
1832
3634
1669
2383
478
3911
778
3899
2683
2944
3504
1665
1375
2604
1974
4335
1204
790
3045
3541
3399
3861
3249
2260
3875
2414
1527
4793
3295
1712
3450
3365
2696
2932
1864
2324
1345
1367
306
2704
3990
3158
3144
4154
2177
1629
4994
2917
4947
2531
1452
1479
3228
3038
3953
540
2550
3054
1104
2968
4924
1321
1788
2825
3400
4603
2605
2903
1049
263
3660
1177
2979
694
3427
614
3416
842
3291
2940
1797
3960
1903
4384
4232
241
1958
4235
3869
4491
4022
4388
184
4808
3972
2416
3692
2811
24
3668
4218
1706
3876
826
1710
1332
1877
23
755
1609
1371
4464
2910
1128
3451
308
1968
1233
2211
3523
180
1632
797
1089
649
3690
2589
2262
314
1240
4181
2333
1537
4581
2503
1015
1650
1949
3786
676
1187
108
2726
4933
2129
2240
4250
2560
150
2403
197
3793
759
2249
3017
3282
2674
3619
2931
951
589
62
3135
48
3808
1491
545
3348
4308
4572
4014
198
422
2807
2593
1215
2244
4434
865
2672
272
2539
2984
729
2426
243
742
2075
4407
335
2988
3807
1800
4281
1180
4473
4342
818
1293
3796
2696
316
4349
547
1327
992
4560
4089
921
4899
1701
2630
449
3517
1463
407
296
2528
3264
4553
2485
4105
81
2097
1032
430
2391
1555
660
2908
4320
2229
1954
3547
163
3567
4458
3744
3230
3641
1925
560
1256
2665
2214
2260
1678
535
4678
581
1019
2095
4551
293
3945
2427
792
1400
636
4714
4535
1845
949
625
2974
4693
