9301
1939
5386
4739
8167
4447
6119
3170
3737
9115
6002
7552
8705
5396
7798
3182
720
198
6003
6643
9220
6039
5650
6665
6503
1200
5481
6679
7524
7977
6921
9388
2857
7344
6452
2757
7272
2582
7917
5003
7016
7478
4504
7532
5049
5443
3360
3044
3109
1549
8455
8936
5649
6895
3928
5646
8451
4072
4456
9020
9965
2355
3227
9100
4759
6902
515
7961
9563
3284
164
9162
9562
399
3826
695
2652
4638
9980
4012
5957
3414
578
4777
7298
296
49
8467
5251
7207
2143
9819
5043
5524
2113
649
8386
2968
123
9061
4868
3869
1311
8737
3073
153
4646
9126
6893
6152
6989
490
6563
4661
8663
3051
7195
2405
5360
7963
331
3441
3873
9383
9385
974
3871
7670
5518
250
1342
8714
1253
7444
9108
2038
1987
5000
3736
1773
6545
3911
1128
8738
4069
7775
7850
8450
9807
5980
2218
794
6943
3322
8691
1573
627
9030
7097
3462
8574
8752
9874
1727
4773
9935
3109
6636
7315
7377
810
1999
4012
781
6097
7065
4670
8568
3359
4497
7971
9584
4979
7252
1827
600
7287
297
9927
5744
6210
9039
7912
8479
154
1126
5510
4048
5015
8311
52
3144
7602
7729
9217
5456
4700
3601
3746
7746
8203
6445
810
8996
7151
4861
9227
620
6595
5862
2678
5983
6255
3317
6815
7035
907
564
5404
125
6205
5772
5036
7231
6131
1287
8020
3618
556
3488
7284
3588
401
4922
4217
2893
6402
9609
5452
4156
5434
9489
3735
777
8996
922
1415
1815
1927
2028
5212
9336
1213
9325
8830
2108
9890
7492
3338
8616
9703
2697
3994
1871
1957
395
9619
2736
8431
5693
6488
5083
337
6606
7995
7777
1701
1203
2900
503
8260
4212
410
3766
2857
8032
766
8179
8001
7805
5255
9126
8239
5856
9415
9625
7340
3797
3549
2207
6939
1004
1572
9838
6203
1008
1977
7866
3701
3909
5594
1568
69
1853
6233
8972
7094
7159
5311
6055
8646
2598
9374
5504
8793
5305
5183
2485
6553
5260
9018
7215
6106
3834
756
8840
1596
8876
6163
2186
9162
6067
6381
8597
847
5614
2734
5996
6696
5064
3127
7116
3572
1490
2404
298
456
9432
1366
2216
4880
1715
527
5572
1872
9915
7485
4414
7928
822
1037
8003
3158
8369
4465
5578
4965
1977
3308
5867
9235
7671
9673
5943
1056
8854
2204
2984
7410
4258
1936
1621
54
1663
1696
8050
192
7027
3409
1362
7060
5553
4844
410
2078
2627
7194
1300
3563
4755
3367
28
6602
9542
8041
4683
8061
5749
2362
5213
9257
5114
4385
305
5021
6227
9360
61
7872
9942
8214
5115
2659
4402
5027
4755
165
2381
9740
7526
2485
9199
1541
5013
3426
6330
5691
6588
8143
6085
5012
7455
8290
6979
6941
5247
6507
6309
9347
120
5778
5641
1550
1578
9977
8412
7751
5843
6609
7411
9899
5477
8552
3250
9127
2105
8783
7336
9059
543
4906
9079
8043
4513
1041
1395
6280
2227
2692
3319
4942
825
6395
5214
1054
9030
4922
628
7452
3147
7956
9514
1467
5956
9767
3152
4100
2187
2213
386
1125
7464
1203
7970
9622
5014
7833
142
8374
5586
3978
5197
933
5666
8350
2523
587
1840
603
3902
1765
7522
2019
7589
3424
4136
3734
6204
6749
8289
5991
9662
4149
6873
5773
3944
4518
3427
7440
902
652
2607
7475
5068
7387
7417
5281
1171
903
9758
3167
1070
2839
5675
625
5880
526
4468
9193
8011
953
5197
6859
175
5367
2521
6444
4558
7618
6172
6088
2528
1884
7999
8082
2344
8196
5184
5318
9306
7848
1859
6875
3351
7669
6138
5748
4231
8889
6476
4005
9441
9786
4885
2371
8970
1503
57
772
1975
3836
9190
8054
8641
683
4757
8011
9301
6645
5612
6674
7204
5681
5924
4001
9358
227
9362
5422
2438
8262
805
3293
1730
3924
7115
6708
4865
2593
9167
8778
4745
5208
9731
2238
3404
3485
7014
5491
8342
7506
5586
6681
2678
8869
6260
327
5030
4502
2953
6564
4729
8471
1554
5238
4129
5468
8820
3681
9257
9089
5054
7585
7509
4395
9480
7747
1301
8439
212
9197
6368
7102
20
446
210
1722
5064
4512
6884
2034
6433
7706
2933
9857
631
8658
514
8069
5700
7568
6535
292
8971
45
6146
8056
2024
4522
5312
9723
4086
8349
902
9902
1031
7559
622
5539
4931
4001
780
2122
1280
1332
6124
5992
6633
1895
3131
6132
8127
9251
4606
7692
5273
675
9074
292
4361
5671
3681
9534
253
1112
5085
3077
8671
3942
5405
2787
8553
5628
6706
5715
4008
2357
6260
1329
9388
9960
7998
8557
7513
8303
7746
4238
9405
4630
1162
1491
8974
4846
9676
8741
4511
545
777
9352
7503
688
5107
3264
1455
1127
7193
3728
9934
8226
9344
2078
1731
8266
6511
611
501
9560
6855
4046
2410
4122
4749
6168
1962
8035
6166
610
8208
9804
526
1594
5693
872
4404
925
3672
6262
2822
9046
2006
5967
1636
133
3298
9344
8835
2106
3753
4689
145
2497
2724
4099
2320
2696
6211
521
6962
9562
5251
3005
4943
976
876
7940
2853
942
8937
4859
4876
7545
2884
9920
2468
4808
5197
6958
9710
3832
7367
960
5013
9481
7200
6310
6423
2022
5067
9893
9331
8530
4556
9929
2593
7005
7599
1942
7864
951
4821
252
4144
3611
1148
7369
2789
332
6697
8616
6996
1102
8901
535
3861
4923
1297
1814
3813
2742
248
699
6799
3100
5424
9091
7991
6534
3307
2883
7955
9947
2960
4188
9702
3875
7234
9437
7738
8454
7386
9250
7224
4626
1557
9547
1111
4748
5676
9047
5088
1646
8492
1503
3242
3326
4706
3711
3878
4639
6021
5567
9033
8544
239
3280
1953
2723
9849
1649
4006
7737
8514
3169
6591
5912
4732
9711
3342
8990
196
1278
6777
7775
7724
9940
2678
4202
9606
3474
4434
1771
7727
2365
958
9577
5589
5498
3894
8607
6583
6105
3935
552
1704
2712
8957
8915
495
8649
5086
